100.71835419
101.01403350
101.30960111
101.60501043
101.90021370
102.19516199
102.48980506
102.78409132
103.07796776
103.37137983
103.66427144
103.95658485
104.24826059
104.53923742
104.82945226
105.11884010
105.40733400
105.69486496
105.98136191
106.26675168
106.55095886
106.83390588
107.11551286
107.39569764
107.67437572
107.95146025
108.22686201
108.50048935
108.77224826
109.04204230
109.30977263
109.57533804
109.83863492
110.09955734
110.35799706
110.61384359
110.86698422
111.11730410
111.36468633
111.60901201
111.85016037
112.08800885
112.32243323
112.55330776
112.78050530
113.00389746
113.22335479
113.43874694
113.64994281
113.85681083
114.05921910
114.25703565
114.45012863
114.63836660
114.82161874
114.99975514
115.17264705
115.34016715
115.50218983
115.65859151
115.80925087
115.95404920
116.09287067
116.22560261
116.35213584
116.47236492
116.58618850
116.69350953
116.79423558
116.88827911
116.97555770
117.05599433
117.12951758
117.19606189
117.25556773
117.30798180
117.35325720
117.39135357
117.42223725
117.44588134
117.46226585
117.47137769
117.47321078
117.46776604
117.45505138
117.43508167
117.40787873
117.37347121
117.33189450
117.28319066
117.22740821
117.16460205
117.09483322