10
69
78
80
93
96
11.1742
0.129623
0.128894
33.1881
34.2491
4.79487
14
6.39316
117
48.2
0
0
0
1.69332
74.9057
0
0
74.9057
1
0.050609
0.050609
0.174893
0.20618
0.381072
3
0
8
77
86
89
108
119
23.9793
1.95907
1.91071
458.925
743.305
280.83
37.7812
374.439
117
80.6
0
0
81.8967
1.75745
115.766
0
0
115.766
1
0.94108
0.94108
3.62783
12.0757
15.7035
3
0
16
84
94
97
115
126
24.3054
2.01214
1.96934
462.237
746.086
296.078
39.6842
394.771
117
106.7
0
0
118.267
2.69999
83.2824
0
0
83.2824
1
0.997698
0.997698
3.62838
12.7314
16.3597
3
0
9
82
91
94
113
124
23.8641
1.9269
1.88439
419.028
693.533
277.413
40
369.884
117
171.2
0
0
73.2672
15.4509
184.195
0
0
184.195
1
0.869801
0.869801
3.12641
11.9288
15.0552
3
0
17
86
95
98
117
128
24.1717
1.99528
1.95139
416.144
680.857
272.343
40
363.124
117
160.3
0
0
86.1256
4.0988
179.248
0
0
179.248
1
0.960734
0.960734
3.33101
11.7107
15.0418
3
0
17
86
95
98
117
128
24.1717
1.99528
1.95139
416.144
680.857
272.343
40
363.124
117
160.3
0
0
86.1256
4.0988
179.248
0
0
179.248
1
0.960734
0.960734
3.33101
11.7107
15.0418
3
0
15
79
89
92
110
122
24.3696
1.976
1.93522
415.956
679.614
271.845
40
362.461
117
212.6
0
0
108.405
25.5481
158.838
0
0
158.838
1
0.98978
0.98978
2.97635
11.6894
14.6657
3
0
11
74
84
87
106
117
24.1326
1.97288
1.93198
426.565
697.355
278.942
40
371.923
117
29.7
0
0
80.6325
0
67.8875
0
0
67.8875
1
0.927748
0.927748
3.27527
11.9945
15.2698
3
0
15
79
89
92
110
122
24.3696
1.976
1.93522
415.956
679.614
271.845
40
362.461
117
212.6
0
0
108.405
25.5481
158.838
0
0
158.838
1
0.98978
0.98978
2.97635
11.6894
14.6657
3
0
18
85
94
97
116
127
24.063
1.9734
1.92928
393.419
671.519
282.038
42
376.051
117
128.9
0
0
66.8682
2.33712
178.515
0
0
178.515
1
0.908607
0.908607
3.10495
12.1276
15.2326
3
0
